[11671, 17585, 13853, 26161,  6220, 14202, 24739, 44222,  3197, 14390,
        16094, 49548, 18983, 20958, 11479, 34021,  1677, 16595, 11010, 14950,
        46826, 43168, 11384, 24135, 13443, 29288, 32276, 22990, 13488, 30981,
        22561, 18241, 14827, 44552, 19910, 37694, 17459,   407, 46458, 32257,
        48271, 27078,    78,  4812, 13508, 39271, 15292,  3480,  3248,  2256,
        42627, 39461, 34031, 14486, 30021, 19757, 33083, 30321,  6569,  5930,
        49543, 17001, 18209,  3745, 10425, 34142,  9029, 23745, 42546, 19891,
        43114, 23355, 33645, 32892, 17987, 49297, 29310,  8773,  5267, 44207,
        42262, 49575,   822,  1446, 15800,  8949, 21786, 26452, 44584, 12070,
         5088, 30759, 46833,  1540, 32045, 40521,  4686, 31351, 10847, 43044,
        42447,  6751, 37818,  8861, 10122, 20036, 13541, 28809, 30511, 45321,
        17307, 11494, 16781, 49449,  6507, 41560, 46890,  5536, 18502, 18006,
        26010, 11062, 39121, 18487, 41021, 42554, 15483, 43176])